#
# iter 1: 2.5648179802797259e-14
# iter 2: 4.2769987296979752e-15
# iter 3: 3.9316911602154241e-15
# iter 4: 3.926769942256784e-15
# iter 5: 4.8911507522793273e-15
# Tempo LU: 0.020996
# Tempo iter: 0.023926
# Tempo residuo: 0.000000
#
10
1.0537901173075073 3.7959377479234857 -1.5634141521916169 0.29740710528876502 1.8069451779244834 0.29920742878667111 -0.56778617101882056 -2.2195151212988296 -4.8583202531859184 2.1465370943425204 
-0.74387090399738742 -0.90107105213777916 0.62050279253656648 1.4890733233513047 -0.53170958464348062 0.021928292292194146 -0.9394840187232959 0.49165086048438328 0.23348010619600093 0.026458660548700417 
-0.07431371115970517 -0.54213542221380617 0.13829702977885941 1.1269925130832992 0.52424386278319424 -0.66708857466142557 0.15910328998263673 -0.10571388904374054 -0.47612295189187226 -0.07434670172890076 
-1.6756005007447687 -4.5313833950222415 3.2742843494945668 -2.3741581051196836 -2.0994550964468237 -0.65902511322374846 0.53540563231319205 4.0902819143811415 6.2001817251699949 -2.1054282500941799 
0.82443918896791812 3.2897546504956714 -1.9983450815477073 1.7376024548014486 0.21292380589360188 0.47985636904449941 -0.23318614036389917 -3.2201712784352114 -3.5591464152116092 1.9154705537499044 
0.7313607059241265 0.64924374201659962 -0.013214938099391489 -0.44544884774753085 0.39261634108386562 0.50681519661797991 0.11874571808905941 -0.39043670323757601 -1.515932017186717 -0.0048066482549752477 
2.3014301098774319 4.7390173296284628 -3.0968354493427861 0.39845183897599357 1.8601209100503728 0.23698094441626572 0.32619703233765424 -3.0769700560216404 -4.7554572499516468 1.323006123140821 
0.46445634291661508 1.9363426110246467 -0.65261905659441843 -0.56173480633802542 0.58158390547949623 0.43172066734746156 0.49594575240759037 -1.3067031824574025 -0.75660848516039214 -0.58289346033155487 
-1.3270825734278007 -5.198192286699884 2.4020515511384812 -0.90488479083269846 -1.4579676693609198 -0.45975099371710931 -0.20917125827891361 3.5463274610502546 5.9690689180408114 -1.6029928361266834 
-0.25587259643715132 -0.092344216510276675 -0.55744418184026567 0.069270226971321 0.30998422256332275 0.27012718075139691 0.39379558425603461 0.35801615665685133 -0.3238097132969171 0.40466527934582264 
